100
0:71,31;52,11;98,8;13,24;47,8;97,10;59,8;93,25;19,12;25,22;7,1;75,22;57,9;2,22;90,9;91,11;49,7;95,17;9,9;21,8;51,31;64,6;4,1;48,11;38,24;
1:78,20;8,25;60,27;81,12;50,27;66,23;94,25;11,28;74,18;5,31;86,10;84,26;87,11;63,30;83,8;62,15;41,17;21,23;99,12;31,3;20,8;95,5;46,25;35,17;27,26;67,23;
2:97,8;17,15;7,32;79,25;67,29;82,24;42,14;20,15;54,32;92,19;78,26;70,12;65,29;58,23;14,12;26,5;27,7;0,20;30,14;36,18;25,6;53,10;68,21;46,25;51,26;71,5;22,3;
3:28,26;33,8;38,30;5,25;86,24;97,7;36,27;10,30;35,21;7,1;91,9;48,2;40,20;51,10;8,29;82,23;85,4;50,23;57,12;64,29;31,19;26,5;
4:98,25;34,16;81,20;66,16;57,30;78,3;15,24;25,14;42,16;92,8;77,31;47,32;67,23;74,8;2,13;37,16;80,11;40,9;96,19;48,2;39,6;65,14;27,29;75,8;30,28;26,14;99,30;72,13;63,18;29,31;70,28;68,30;
5:51,30;77,11;67,13;57,9;2,8;97,28;19,32;39,29;45,4;21,27;8,4;48,16;17,18;88,2;36,6;4,5;59,18;27,5;23,24;7,22;44,26;9,15;6,7;
6:97,25;18,31;59,14;75,22;2,29;90,21;94,23;73,1;21,9;20,3;34,24;95,22;83,21;4,5;58,20;91,22;24,6;38,25;56,24;87,23;63,5;
7:98,10;82,31;43,5;87,2;95,25;55,3;40,22;52,27;93,16;11,4;42,23;56,25;8,20;49,6;34,18;96,20;83,3;38,23;81,13;54,7;91,19;76,30;59,13;58,17;39,11;75,1;
8:19,16;96,9;6,13;93,23;35,6;33,31;15,18;32,5;80,5;72,14;30,26;13,4;58,27;74,15;59,13;53,27;21,27;3,15;68,29;49,6;71,12;37,14;64,3;94,32;
9:2,21;63,24;94,30;86,31;45,2;61,4;5,27;4,9;19,32;84,29;54,26;1,23;18,22;16,11;79,16;20,24;15,9;36,13;48,30;55,14;25,3;29,20;44,17;17,8;38,23;26,14;77,21;95,12;
10:76,31;89,23;83,21;87,15;82,10;60,23;8,7;23,5;66,23;53,6;51,14;80,7;59,22;24,18;47,24;4,22;21,27;63,5;73,27;40,16;41,15;2,3;72,30;77,24;97,13;15,28;17,24;96,3;0,26;
11:90,8;70,30;60,32;76,2;58,1;56,23;32,1;99,24;81,8;71,27;98,21;9,29;38,31;48,7;4,29;89,12;45,25;75,4;91,7;17,5;86,25;24,4;93,23;44,32;8,26;80,14;55,32;
12:52,19;61,12;83,21;40,31;57,23;86,10;63,17;95,30;18,17;78,14;65,11;68,7;14,20;88,18;97,4;9,29;45,25;75,1;85,2;72,2;44,28;37,4;43,23;39,18;22,8;13,23;90,29;32,5;
13:52,19;81,22;12,20;40,21;14,22;23,10;50,30;10,20;62,6;4,28;42,8;94,12;92,11;77,26;59,3;20,10;73,12;37,26;7,15;70,24;51,32;38,19;32,19;84,27;
14:76,13;29,27;51,4;55,30;82,2;4,30;59,21;83,22;64,10;91,24;79,21;86,19;62,22;74,16;85,5;81,20;2,29;60,16;48,1;0,10;15,31;96,6;21,32;44,5;70,25;50,1;18,26;87,1;65,27;38,18;
15:68,15;52,31;70,28;1,20;57,15;92,27;82,29;96,26;37,8;36,22;48,14;97,23;83,28;17,24;0,10;9,24;51,7;42,14;43,27;85,7;24,12;77,15;76,8;60,30;61,21;87,30;
16:34,28;54,16;83,30;48,8;70,5;49,2;22,12;38,17;91,27;52,5;53,15;2,22;62,26;84,18;73,32;45,15;0,20;51,29;58,32;81,6;17,23;37,18;50,25;61,22;55,23;35,28;14,23;
17:27,9;92,16;97,28;40,6;13,18;43,10;45,26;24,3;73,23;8,31;30,24;87,8;51,25;48,24;53,26;80,12;41,9;39,17;71,13;96,18;14,27;59,3;95,20;60,15;
18:78,1;57,21;41,30;43,4;63,15;58,25;79,23;28,17;29,18;65,19;92,16;4,28;12,25;30,5;3,26;33,20;93,29;73,21;36,3;77,20;23,15;26,3;8,7;97,28;
19:86,9;31,5;71,22;52,19;51,20;4,30;53,7;49,16;13,11;10,22;80,4;78,13;36,17;16,25;9,25;42,15;6,32;95,14;74,5;34,11;11,27;70,9;60,19;
20:39,5;25,32;22,23;67,3;71,14;98,5;30,3;37,4;52,32;78,3;7,14;74,7;26,28;66,4;88,7;65,8;28,13;34,16;75,26;90,9;16,15;29,30;19,29;63,7;43,19;82,22;5,28;8,3;
21:54,2;81,25;52,21;50,20;77,22;7,15;93,9;87,10;57,23;26,10;82,23;22,3;98,15;3,18;89,13;64,30;56,27;62,18;29,20;14,6;13,1;1,29;96,17;
22:57,9;47,4;68,9;73,6;10,2;50,24;98,11;88,1;70,7;83,21;9,13;91,11;49,7;92,7;55,13;79,6;30,15;
23:18,28;89,14;70,30;80,12;11,25;59,18;44,4;82,6;38,8;21,11;57,30;64,11;47,20;30,29;83,6;67,18;42,30;36,19;66,26;7,14;6,1;88,30;5,18;46,13;62,27;
24:46,32;5,13;12,14;45,4;21,29;15,31;59,13;2,29;67,2;27,28;60,31;91,30;95,12;7,9;44,31;47,9;90,13;28,9;66,29;29,20;72,8;55,2;57,10;20,1;22,6;92,27;
25:68,16;12,29;95,4;22,31;5,32;69,18;62,12;72,2;86,30;31,4;93,18;67,16;49,10;24,27;34,15;55,25;29,9;61,15;54,32;30,12;7,18;13,24;99,7;9,31;27,15;89,30;
26:52,25;35,4;54,3;40,16;21,27;48,10;90,13;94,5;50,17;23,19;63,8;83,26;5,14;84,15;37,15;22,18;66,4;53,6;38,10;25,32;2,19;29,32;71,19;67,16;68,10;28,17;88,7;62,10;
27:63,30;24,16;29,19;8,8;39,29;80,4;55,20;69,29;49,28;19,10;85,8;52,21;83,9;16,12;66,30;0,4;99,11;82,24;25,21;60,29;6,20;78,16;93,20;5,20;88,11;77,30;30,11;74,5;
28:40,30;54,26;21,27;23,20;97,1;96,19;1,22;0,26;49,8;55,17;86,4;93,25;58,5;57,24;65,22;13,14;88,7;91,26;35,27;30,25;38,27;47,18;2,11;77,8;22,22;50,8;
29:20,17;55,11;39,1;32,27;83,26;34,30;33,9;60,7;0,16;62,2;76,17;37,12;81,19;14,28;31,17;56,28;69,6;8,4;30,1;18,30;42,23;54,10;66,8;40,21;43,32;85,18;57,8;10,30;
30:78,17;36,10;41,23;22,18;62,6;67,21;51,24;13,21;68,12;85,32;9,30;44,11;89,5;18,20;77,17;53,6;1,21;14,30;90,7;79,4;70,10;33,27;45,22;25,26;76,27;10,17;88,16;91,8;
31:11,21;6,18;94,11;47,29;59,19;86,3;72,13;67,1;73,19;80,1;12,24;57,4;95,16;25,12;56,7;84,2;96,25;21,8;29,9;66,18;20,16;46,6;
32:45,32;39,8;40,22;54,29;6,24;47,31;48,21;78,10;17,18;29,30;56,11;63,7;76,14;24,12;23,28;99,9;11,8;84,20;85,23;30,3;58,16;1,13;27,15;37,14;15,2;5,8;
33:13,2;28,19;86,9;94,7;70,14;95,14;12,21;16,6;51,15;6,29;43,13;52,15;62,29;1,6;66,12;31,20;35,3;32,9;58,2;22,4;59,27;21,24;9,3;75,32;29,31;14,3;73,8;
34:18,6;71,19;30,1;7,28;88,26;27,26;75,2;32,1;56,7;79,26;28,12;91,18;21,15;65,32;11,28;96,23;4,4;64,8;29,17;70,23;76,16;44,29;87,2;35,31;39,2;61,32;47,30;
35:67,3;61,29;85,4;18,27;24,6;41,5;7,25;12,28;13,12;96,9;76,23;29,15;74,8;6,25;65,17;30,12;79,12;59,18;23,7;98,29;97,25;43,22;49,14;45,29;10,4;54,13;69,10;88,11;
36:46,8;14,10;32,24;40,24;65,5;99,18;86,13;23,15;61,19;48,9;53,5;87,8;29,25;49,1;21,20;92,20;24,1;52,21;6,19;18,30;98,21;12,4;
37:27,1;85,20;79,13;63,16;76,2;44,27;72,4;56,10;11,4;6,31;54,7;95,11;92,12;51,18;96,12;99,8;
38:28,23;4,31;78,23;18,5;21,22;19,23;42,1;12,29;68,20;63,18;57,1;89,16;56,3;53,23;47,2;99,27;91,30;15,4;39,19;95,22;77,3;1,15;8,19;24,30;
39:87,28;74,19;50,5;27,7;43,26;6,13;68,1;29,30;16,11;95,4;79,10;62,3;41,5;12,21;18,4;96,17;99,24;23,6;28,8;13,27;48,19;66,26;53,18;1,10;93,17;20,10;
40:53,3;76,11;3,11;20,16;9,15;15,11;22,16;49,20;91,14;13,25;31,22;90,10;74,16;0,24;88,28;32,30;89,1;75,20;54,21;57,24;16,16;86,22;17,19;92,11;10,17;
41:83,17;75,10;56,8;85,31;54,17;11,10;21,14;6,5;72,31;82,6;81,22;30,25;66,4;1,14;80,32;97,26;51,32;32,21;95,24;58,13;47,2;63,17;19,21;
42:83,11;19,27;32,19;93,7;91,5;99,6;5,13;78,29;36,19;90,21;14,13;56,9;95,4;28,30;57,8;67,17;72,27;38,20;60,11;31,14;97,19;24,12;
43:57,29;93,5;79,27;18,3;76,10;98,5;17,22;72,23;5,13;67,20;29,3;48,10;53,3;22,26;54,30;73,27;31,7;97,29;64,16;45,18;84,11;23,15;33,25;95,26;16,20;6,9;1,27;80,27;26,28;58,30;
44:10,27;27,15;16,4;20,9;93,28;92,9;23,17;78,7;24,29;6,21;50,26;97,4;89,23;17,11;40,27;88,21;42,26;82,25;33,18;52,15;19,7;9,19;48,2;58,26;11,26;64,14;
45:16,18;6,2;70,21;63,13;32,23;60,2;94,18;85,16;9,25;76,16;43,5;84,24;48,21;3,8;61,2;19,29;95,16;99,19;93,13;55,32;33,28;31,5;97,25;79,27;5,10;
46:0,24;43,27;54,14;52,32;82,9;96,8;80,19;8,27;66,12;93,3;51,28;36,22;92,23;86,17;65,4;59,1;76,23;28,16;19,31;14,2;55,23;25,20;31,1;95,29;60,21;78,5;23,27;88,4;
47:64,16;92,32;71,29;36,17;11,29;39,7;41,6;45,4;93,11;26,2;70,1;50,5;96,29;98,32;69,2;66,6;99,24;78,12;6,3;18,17;54,9;56,18;7,5;60,15;29,5;
48:70,3;77,12;15,32;74,4;23,8;82,28;39,11;58,17;25,28;98,13;40,16;27,2;61,25;7,24;51,7;95,9;10,28;83,30;86,19;65,20;38,9;47,12;14,32;6,14;35,25;43,26;
49:46,5;11,25;82,12;97,26;44,25;41,13;74,8;67,3;66,7;12,10;2,3;10,24;62,6;27,4;52,30;38,20;85,18;90,24;56,2;18,5;77,11;75,28;20,5;16,20;8,17;51,8;28,25;98,28;
50:9,17;24,15;31,26;2,17;7,10;59,27;72,20;76,15;85,18;27,11;39,13;29,27;45,31;0,14;48,30;1,8;43,24;68,3;57,7;10,13;19,13;54,29;93,9;63,29;98,32;
51:97,18;27,29;71,27;56,22;75,9;94,25;66,16;68,1;46,2;65,3;93,10;36,12;23,1;42,32;70,7;91,21;15,29;30,27;73,20;55,12;10,8;52,2;78,19;81,26;28,12;61,6;88,13;60,9;57,8;
52:12,13;16,2;21,24;39,4;90,21;37,27;19,9;78,5;93,9;11,17;51,25;6,24;26,24;17,3;59,26;32,31;4,7;65,19;80,1;38,2;48,7;71,18;87,28;46,14;
53:61,2;16,19;79,21;76,28;47,20;84,4;37,15;91,28;87,26;68,13;35,15;86,30;17,11;99,6;42,1;12,9;31,7;56,15;77,30;40,31;49,1;44,16;82,28;63,31;71,27;
54:43,27;42,9;44,17;83,22;92,6;49,27;0,17;15,15;63,26;71,11;11,27;78,11;5,12;76,13;30,9;51,30;68,10;22,11;39,29;9,1;99,32;18,5;6,20;57,19;64,22;55,2;82,7;67,22;8,4;1,22;65,32;
55:74,32;95,4;58,1;37,29;82,20;57,26;43,7;81,21;13,17;2,16;14,29;34,13;73,18;40,32;87,3;4,23;91,6;0,7;96,25;80,25;1,31;6,3;15,9;71,9;47,26;26,12;23,31;3,23;79,29;
56:31,18;71,14;1,27;99,22;5,1;34,4;27,11;69,10;17,4;51,4;58,8;10,12;67,31;98,16;33,23;19,21;95,12;40,13;63,30;28,4;94,2;62,7;21,7;75,26;83,6;
57:11,19;73,27;62,28;70,19;55,4;46,5;32,14;10,17;41,19;1,11;60,25;54,9;83,9;49,27;90,23;16,10;67,20;99,11;42,31;25,7;95,6;
58:68,5;17,2;54,15;65,21;7,27;34,25;12,12;67,28;28,32;20,30;59,24;1,28;4,22;91,9;55,2;14,32;6,9;61,20;70,14;78,25;87,4;73,21;15,29;93,11;
59:35,21;78,32;91,1;54,23;62,5;20,6;12,18;36,27;15,32;19,29;64,6;71,8;21,15;72,10;25,27;3,23;99,6;52,32;75,8;47,21;11,23;80,7;14,9;83,4;60,31;29,20;6,8;79,16;
60:73,17;5,23;22,22;10,30;17,4;6,16;29,21;16,25;56,14;13,11;62,7;28,1;38,30;39,14;15,13;75,14;3,25;12,14;46,9;84,6;78,7;25,10;0,26;91,16;90,14;54,27;36,17;79,17;
61:68,29;73,18;87,30;28,30;71,13;67,3;29,22;41,19;50,6;27,25;45,15;30,32;36,12;38,32;32,2;2,29;88,9;33,23;12,30;43,26;64,13;1,10;98,22;8,9;
62:36,17;73,4;55,22;15,15;22,29;74,23;3,7;21,18;82,26;67,30;80,9;95,25;86,18;96,25;5,23;23,6;41,28;66,1;45,1;32,22;28,14;85,4;1,5;84,13;54,31;4,7;49,8;87,3;39,18;72,10;
63:15,1;98,5;33,27;4,12;32,2;10,28;12,8;6,25;23,29;7,7;0,28;88,22;21,23;54,13;73,5;79,29;57,30;11,32;29,19;76,17;16,7;84,7;51,7;43,18;14,23;90,27;75,29;28,14;91,24;82,25;70,22;34,25;
64:70,31;26,10;10,28;42,25;77,18;9,20;43,1;40,16;66,29;45,6;52,28;79,14;61,29;15,30;11,19;55,17;67,11;89,14;97,10;
65:47,8;14,28;70,12;72,29;25,13;53,30;95,11;28,27;91,5;19,22;98,26;46,20;69,1;57,26;97,23;43,27;85,6;37,11;41,19;63,7;86,14;59,30;34,17;22,16;20,30;
66:10,23;22,17;15,7;61,29;69,7;24,1;71,10;81,20;55,8;93,25;87,6;48,1;85,15;31,26;94,29;74,26;57,4;14,6;99,25;76,23;17,25;51,26;34,31;8,28;58,17;73,20;
67:28,11;9,3;98,9;34,25;32,23;90,7;91,5;96,21;16,19;65,18;55,13;94,24;48,26;71,24;58,3;5,23;27,9;13,8;42,6;82,31;38,28;23,18;79,19;15,19;97,28;19,14;6,6;93,24;
68:92,13;85,8;81,32;96,19;62,4;27,12;65,29;70,9;76,5;86,16;14,8;50,31;99,21;73,32;64,4;18,20;39,27;16,9;0,9;41,17;
69:34,25;0,14;30,27;36,29;7,19;75,3;65,17;95,19;33,16;1,25;93,31;25,12;18,10;26,22;32,3;23,16;70,2;3,17;22,15;38,2;58,21;14,10;
70:58,10;43,22;47,7;3,21;17,9;81,16;91,5;26,11;19,17;97,14;65,26;75,7;25,17;33,27;76,29;73,23;60,21;14,12;92,22;83,12;12,8;88,5;0,25;
71:49,11;15,22;56,7;5,13;44,6;99,4;63,6;51,30;12,29;14,9;19,21;50,28;72,17;93,17;92,25;84,29;69,26;55,7;0,8;9,14;27,14;79,17;57,12;
72:84,15;81,15;86,26;41,1;39,8;58,2;37,14;31,31;50,7;91,7;85,26;17,6;74,20;20,7;56,14;10,16;60,22;95,2;73,5;18,31;68,17;25,30;96,22;
73:44,1;12,17;8,30;98,13;62,16;72,8;10,25;67,17;57,22;77,11;27,25;76,28;0,17;28,29;56,16;25,11;5,32;24,28;43,31;46,30;29,4;52,13;87,9;68,29;96,11;22,11;61,4;2,6;31,9;65,16;
74:11,21;4,27;57,4;3,15;43,8;98,13;65,13;17,2;42,11;79,19;62,13;55,30;38,2;84,24;1,28;18,9;33,13;30,24;50,10;47,31;9,29;35,8;88,4;68,6;86,29;56,29;78,18;
75:48,26;55,32;58,20;84,20;52,8;70,5;91,13;18,12;4,10;29,1;99,24;72,25;97,32;64,23;63,4;61,2;10,14;76,16;59,1;85,19;94,20;27,1;83,18;44,28;98,12;26,29;
76:95,24;34,27;18,13;53,23;28,3;88,18;51,1;60,3;16,10;73,19;61,5;74,10;98,2;35,28;38,2;25,12;50,30;52,7;15,21;23,28;69,22;96,4;87,32;77,1;57,17;
77:25,13;28,29;11,16;99,11;58,9;95,24;27,29;80,1;34,18;38,20;53,3;39,21;5,20;74,30;26,20;83,2;0,6;68,32;6,23;37,13;24,18;67,22;31,13;65,21;
78:29,2;40,23;22,10;7,16;66,20;59,25;24,18;43,30;70,27;65,23;30,24;32,21;19,12;13,6;57,10;26,21;92,11;93,11;0,22;42,14;25,31;96,16;58,13;62,7;89,27;36,16;64,24;48,31;
79:61,12;9,27;10,6;71,7;4,12;29,11;85,27;12,11;92,16;45,22;64,28;17,15;73,26;84,11;51,23;32,14;20,8;36,2;24,13;97,15;68,12;46,7;67,1;31,1;83,14;42,1;34,27;
80:20,1;19,7;89,10;69,11;12,1;72,9;48,3;57,14;96,1;52,30;75,27;29,24;5,25;77,25;31,3;97,23;78,32;46,2;39,6;6,15;94,4;58,15;56,17;43,23;
81:86,19;79,17;46,21;17,25;54,17;84,18;90,10;75,23;58,4;80,23;45,21;52,13;98,1;8,18;53,1;42,14;4,28;61,22;22,15;36,7;1,31;51,12;6,1;49,2;64,15;66,20;44,3;34,28;
82:51,13;68,21;5,11;70,11;40,20;79,11;42,7;76,16;8,13;22,31;92,9;64,13;48,32;19,28;32,28;31,27;20,24;
83:67,17;59,31;61,19;37,12;42,17;36,4;99,24;25,19;90,26;28,4;5,13;94,26;15,1;86,22;10,2;9,26;54,22;27,27;95,10;68,8;52,21;80,12;65,20;85,20;32,5;22,1;79,1;20,9;
84:63,19;3,25;10,24;69,12;29,2;46,17;54,19;87,14;91,29;57,4;47,26;32,28;2,5;71,11;45,24;51,24;76,10;86,13;13,4;96,29;49,1;31,26;28,17;19,24;36,10;93,23;5,23;18,26;6,11;
85:18,26;49,19;29,4;63,27;60,5;14,21;81,10;28,7;41,14;27,1;33,7;53,9;79,23;11,4;98,6;3,19;61,19;48,22;67,27;95,15;38,27;54,18;62,24;15,25;78,13;30,9;
86:41,4;55,11;20,20;51,28;14,21;33,32;92,16;71,10;69,31;10,2;76,17;96,4;49,11;53,9;64,11;31,7;21,14;15,14;99,17;52,8;54,13;60,31;48,19;5,4;75,29;
87:18,20;29,8;13,26;70,10;97,13;2,16;79,6;93,26;96,29;90,20;72,27;23,20;50,29;47,9;81,30;26,24;98,8;41,27;85,6;63,4;55,26;74,23;5,5;35,23;20,25;76,11;
88:8,17;67,26;85,9;54,7;97,1;20,29;0,29;50,10;22,5;70,11;83,9;82,4;11,24;84,21;48,14;92,23;75,31;9,22;4,30;60,22;45,15;76,24;29,3;
89:40,6;7,20;87,13;92,2;12,24;81,3;55,4;61,29;68,16;56,17;46,22;58,13;16,27;45,10;80,16;52,4;83,11;71,27;64,2;37,28;14,9;86,6;69,26;73,30;85,29;36,5;
90:36,22;63,4;56,28;20,10;5,6;9,28;81,16;47,14;99,27;79,24;89,6;69,14;66,3;44,13;0,21;29,20;25,28;97,12;52,7;23,6;18,27;67,20;35,27;
91:55,22;20,9;35,9;63,9;81,3;31,24;26,8;48,9;10,10;21,21;76,19;90,21;5,29;50,3;96,27;77,13;27,18;2,17;68,10;94,7;29,32;6,23;71,17;92,18;49,16;17,32;70,11;
92:72,12;61,17;5,2;99,7;47,29;7,17;16,22;3,13;80,1;76,3;41,19;85,2;44,18;60,7;15,32;51,23;20,25;73,16;32,11;50,32;28,21;
93:32,18;83,8;50,28;90,11;7,24;13,25;64,25;20,30;48,19;44,7;57,30;40,22;71,3;30,26;21,27;77,3;19,7;9,15;91,30;25,4;88,9;10,3;14,6;82,24;97,25;16,31;29,29;76,20;84,9;11,24;73,27;87,32;
94:24,18;30,11;46,19;6,24;42,32;79,14;65,24;77,21;32,13;4,3;9,22;90,28;19,21;72,28;87,24;80,29;48,17;36,2;56,4;76,7;29,23;33,5;45,15;
95:86,7;93,17;81,14;57,20;77,19;18,14;63,28;56,10;11,2;1,29;13,5;22,13;19,6;83,10;99,4;0,4;27,4;65,32;48,32;94,1;50,9;43,17;23,26;45,6;
96:74,28;29,11;72,17;77,14;8,19;64,28;58,5;63,23;37,18;4,2;52,31;35,11;10,25;76,26;19,1;28,32;62,31;95,17;23,15;16,27;
97:28,4;74,21;45,16;33,29;39,15;12,29;53,15;8,28;10,22;94,2;52,13;78,6;36,2;47,12;70,32;65,21;66,21;
98:47,13;51,11;79,6;6,27;75,2;33,21;18,13;74,13;26,13;57,10;95,6;44,2;0,13;2,4;56,22;61,24;21,6;66,5;34,20;
99:28,1;20,14;60,21;17,32;92,15;85,9;44,4;45,24;52,32;9,20;70,16;15,13;26,26;63,31;73,4;90,22;16,20;5,22;76,16;69,15;18,22;25,11;78,23;8,26;
